         988           1
           1          84           2          39        1361
           2           2          84          40        1361
           3          86         176          85        1361
           4         176          87          85        1361
           5         207           9          41        1361
           6          94           9          93        1361
           7         100          21          43        1361
           8          43         102         100        1361
           9         102          44         100        1361
          10          21         103          43        1361
          11         104          43         103        1361
          12         321         104         103        1361
          13         105          22          46        1361
          14         106         132          47        1361
          15          46         106         105        1361
          16         106          47         105        1361
          17          22         107          46        1361
          18         135         109          48        1361
          19         109          46         107        1361
          20          48         109         107        1361
          21         110           1          92        1361
          22         112          11         111        1361
          23          11         113         111        1361
          24           7         114         230        1361
          25         114           7          35        1361
          26           2         118          39        1361
          27         118           2          52        1361
          28          12         119         236        1361
          29         119          12          51        1361
          30         121           8         239        1361
          31           8         121          37        1361
          32         124          26          53        1361
          33          53         126         124        1361
          34         126          54         124        1361
          35          26         127          53        1361
          36         129          53         127        1361
          37          55         129         127        1361
          38         133           3          57        1361
          39         133          57         130        1361
          40           3         133         106        1361
          41         133         132         106        1361
          42           3         136          57        1361
          43          57         136         134        1361
          44         136           3         109        1361
          45         135         136         109        1361
          46         139           4          59        1361
          47         139          59         137        1361
          48          60         139         137        1361
          49           4         139         102        1361
          50           4         141          59        1361
          51          59         141         140        1361
          52         141          62         140        1361
          53         141           4         104        1361
          54           1         143          92        1361
          55         144           1         110        1361
          56           1         144         143        1361
          57         144          66         143        1361
          58          69         149         148        1361
          59         149          11         148        1361
          60          70         155         263        1361
          61         163         188          72        1361
          62           6         163          63        1361
          63          63         163         162        1361
          64         163          72         162        1361
          65          15         167         171        1361
          66         167          15          73        1361
          67         172           2          40        1361
          68           2         172          77        1361
          69           2         173          52        1361
          70         173           2          77        1361
          71          15         175         174        1361
          72         183          33          80        1361
          73          33         186          80        1361
          74         189          80         186        1361
          75           6         189         163        1361
          76         189         188         163        1361
          77         192           5          82        1361
          78         192          82         190        1361
          79           5         192         126        1361
          80           5         195          82        1361
          81          82         195         193        1361
          82         195           5         129        1361
          83          39         196          84        1361
          84          18         197         196        1361
          85         197          18          90        1361
          86         307          40          84        1361
          87         198         254          86        1361
          88         199          85          87        1361
          89          37         200          89        1361
          90         201          19          88        1361
          91          19         201         449        1361
          92          38         202          90        1361
          93         202           8          89        1361
          94           8         202          38        1361
          95         329         202          89        1361
          96         313          10          45        1361
          97         205          17         204        1361
          98          17         205          98        1361
          99          93         208          94        1361
         100         209          35          96        1361
         101          20         210          95        1361
         102         210          20          97        1361
         103         211          36          98        1361
         104          42         211          98        1361
         105           7         211          96        1361
         106         211           7          36        1361
         107         211          42          96        1361
         108          10         318          45        1361
         109          10         212         318        1361
         110         212          99         318        1361
         111         212          10         203        1361
         112          49         212         203        1361
         113          44         213         100        1361
         114          86         214         198        1361
         115          21         215          45        1361
         116          45         215         313        1361
         117         215          21         100        1361
         118         216         321         103        1361
         119         218          21          45        1361
         120         218          45         318        1361
         121          21         218         103        1361
         122          47         219         105        1361
         123          96         221         209        1361
         124          22         222          49        1361
         125         220         222         219        1361
         126         222          22         105        1361
         127         222         105         219        1361
         128         223          48         107        1361
         129         224          89         200        1361
         130         225          22          49        1361
         131         225          49         203        1361
         132          22         225         107        1361
         133          92         226         110        1361
         134          17         226         204        1361
         135         226          92         204        1361
         136          17         227         226        1361
         137          35         228         114        1361
         138         132         228         209        1361
         139         228          35         209        1361
         140           7         230          36        1361
         141         335          13          56        1361
         142         232          39         118        1361
         143         232          18         196        1361
         144          39         232         196        1361
         145         233          18         232        1361
         146          51         235         119        1361
         147         237          37         121        1361
         148         237         135         200        1361
         149          37         237         200        1361
         150          25         238         120        1361
         151         238          25         122        1361
         152         239           8          38        1361
         153          13         339          56        1361
         154          13         240         339        1361
         155         240         123         339        1361
         156         240          13         231        1361
         157          58         240         231        1361
         158          54         241         124        1361
         159          26         243          56        1361
         160          56         243         335        1361
         161         243          26         124        1361
         162         244          55         127        1361
         163         245         119         235        1361
         164         246          26          56        1361
         165         246          56         339        1361
         166          26         246         127        1361
         167         248         114         228        1361
         168         249          27          58        1361
         169         249          58         231        1361
         170          27         249         130        1361
         171         121         252         237        1361
         172          27         253          58        1361
         173         251         253         250        1361
         174         253          27         134        1361
         175         253         134         250        1361
         176         255         321         207        1361
         177          41         255         207        1361
         178         257          92         143        1361
         179          92         257         206        1361
         180         259         185         256        1361
         181          65         259         256        1361
         182         260          67         146        1361
         183         147         260         146        1361
         184         153         260         145        1361
         185         260         153          67        1361
         186         260          68         145        1361
         187         383          16          81        1361
         188          70         263         153        1361
         189         442          31         157        1361
         190         154         442         155        1361
         191          31         442         154        1361
         192         361          14          61        1361
         193         266          29          64        1361
         194         266          64         264        1361
         195         266         160         265        1361
         196         142         266         265        1361
         197          29         266         142        1361
         198          62         268         140        1361
         199          28         269          61        1361
         200          61         269         361        1361
         201         161         269         268        1361
         202         269          28         140        1361
         203         269         140         268        1361
         204         272          51         164        1361
         205         272         194         235        1361
         206          51         272         235        1361
         207          12         273         164        1361
         208         273          74         164        1361
         209          73         276         167        1361
         210         188         276         271        1361
         211         276          73         271        1361
         212          16         388          81        1361
         213          16         278         388        1361
         214         278         170         388        1361
         215         278          16         262        1361
         216          83         278         262        1361
         217         281          77         172        1361
         218         282          52         173        1361
         219         282          24         234        1361
         220          52         282         234        1361
         221         283         369         174        1361
         222         283         174         175        1361
         223         177         284         178        1361
         224         369         284         177        1361
         225          78         285         176        1361
         226          14         372          61        1361
         227         286          14         264        1361
         228          64         286         264        1361
         229         287          60         137        1361
         230         288          28          61        1361
         231         288          61         372        1361
         232         288         181         287        1361
         233         137         288         287        1361
         234          28         288         137        1361
         235          72         290         162        1361
         236          29         291          64        1361
         237         182         291         290        1361
         238         291          29         162        1361
         239         291         162         290        1361
         240          33         295          81        1361
         241          81         295         383        1361
         242         295          33         183        1361
         243         297         167         276        1361
         244         298          33          81        1361
         245         298          81         388        1361
         246          33         298         186        1361
         247         300         148         261        1361
         248         301          34          83        1361
         249         301          83         262        1361
         250          34         301         190        1361
         251         164         304         272        1361
         252          34         305          83        1361
         253         303         305         302        1361
         254         305          34         193        1361
         255         305         193         302        1361
         256          90         306         197        1361
         257         307          84         196        1361
         258         307         196         197        1361
         259          88         308         201        1361
         260         309          98         205        1361
         261         204         310         205        1361
         262          92         310         204        1361
         263         311          95         210        1361
         264         101         313         215        1361
         265         101         314         313        1361
         266         313         314         312        1361
         267         314         101         213        1361
         268         314         213         214        1361
         269          86         315         214        1361
         270         213         316         214        1361
         271         316         198         214        1361
         272          44         316         213        1361
         273         319         318         317        1361
         274         216         319         217        1361
         275         321         216         217        1361
         276         207         321         217        1361
         277         322          99         220        1361
         278          99         322         317        1361
         279         323          99         212        1361
         280          99         323         220        1361
         281         220         323         222        1361
         282         220         324         322        1361
         283         324         220         219        1361
         284          96          42         221        1361
         285         325         209         221        1361
         286          47         325         219        1361
         287         325          47         132        1361
         288         325         132         209        1361
         289          91         327         203        1361
         290         203         327         225        1361
         291         327         108         225        1361
         292         328         108         326        1361
         293         223         328         224        1361
         294         108         328         223        1361
         295         329          89         224        1361
         296         330         223         224        1361
         297         200         330         224        1361
         298         330          48         223        1361
         299          48         330         135        1361
         300         135         330         200        1361
         301         331         115         229        1361
         302         332         110         226        1361
         303         332         226         227        1361
         304         232         334         233        1361
         305         118         334         232        1361
         306         125         335         243        1361
         307         125         336         335        1361
         308         336         125         241        1361
         309         336         241         242        1361
         310         241         337         242        1361
         311          54         337         241        1361
         312         339         128         246        1361
         313         128         339         338        1361
         314         340         128         338        1361
         315         244         340         245        1361
         316         128         340         244        1361
         317         341         119         245        1361
         318         342         244         245        1361
         319         235         342         245        1361
         320         342          55         244        1361
         321          55         342         194        1361
         322         194         342         235        1361
         323         117         344         231        1361
         324         231         344         249        1361
         325         344         131         249        1361
         326         131         344         343        1361
         327         345         131         343        1361
         328         247         345         248        1361
         329         131         345         247        1361
         330         346         114         248        1361
         331         347         123         251        1361
         332         123         347         338        1361
         333         348         123         240        1361
         334         123         348         251        1361
         335         251         348         253        1361
         336         251         349         347        1361
         337         349         251         250        1361
         338         121         350         252        1361
         339         462         135         237        1361
         340         143         351         257        1361
         341          66         351         143        1361
         342         352         147         146        1361
         343         185         353         256        1361
         344         446         353         185        1361
         345         159         355         264        1361
         346         264         355         266        1361
         347         355          71         354        1361
         348          71         355         159        1361
         349         355         160         266        1361
         350         160         355         354        1361
         351         356         160         354        1361
         352         357          65         256        1361
         353         357         256         353        1361
         354          62         359         268        1361
         355         360          71         361        1361
         356          71         360         354        1361
         357         360         158         354        1361
         358         361          71         159        1361
         359         161         361         269        1361
         360         161         362         361        1361
         361         361         362         360        1361
         362          41         363         255        1361
         363         255         363         359        1361
         364          77         275         173        1361
         365          32         365         275        1361
         366         365          32          76        1361
         367         274         365         277        1361
         368         365         274         275        1361
         369         366         178         284        1361
         370         172         367         281        1361
         371         367         279         280        1361
         372         368          24         282        1361
         373          24         368         166        1361
         374         368         274         166        1361
         375         138         370         254        1361
         376         370          60         287        1361
         377          60         370         138        1361
         378          79         371         372        1361
         379         372         181         288        1361
         380         373         181         372        1361
         381         373         372         371        1361
         382         374         254         370        1361
         383         376         188         271        1361
         384          72         376         290        1361
         385         376          72         188        1361
         386         377          79         379        1361
         387          79         377         371        1361
         388         377         180         371        1361
         389         378         179         286        1361
         390          79         378         379        1361
         391         378          79         179        1361
         392         182         378         291        1361
         393         378         182         379        1361
         394          73         380         271        1361
         395         271         380         376        1361
         396         184         383         295        1361
         397         184         384         383        1361
         398         383         384         382        1361
         399         384         184         293        1361
         400         384         293         294        1361
         401         259         385         294        1361
         402         293         386         294        1361
         403         386         259         294        1361
         404         386         185         259        1361
         405         170         387         388        1361
         406         388         187         298        1361
         407         389         187         388        1361
         408         389         388         387        1361
         409         296         389         297        1361
         410         187         389         296        1361
         411         390         167         297        1361
         412         151         391         382        1361
         413         152         392         262        1361
         414         262         392         301        1361
         415         392         191         301        1361
         416         299         393         300        1361
         417         191         393         299        1361
         418         394         148         300        1361
         419         395         299         300        1361
         420         261         395         300        1361
         421         396         169         387        1361
         422         397         170         278        1361
         423         170         397         303        1361
         424         303         397         305        1361
         425         303         398         396        1361
         426         398         303         302        1361
         427         164         399         304        1361
         428         400         272         304        1361
         429         400         194         272        1361
         430         197         474         307        1361
         431         474         197         306        1361
         432         206         401         310        1361
         433         401         205         310        1361
         434         205         401         309        1361
         435         402          19         312        1361
         436          19         402          88        1361
         437         402         214         315        1361
         438         214         402         314        1361
         439          20         403         317        1361
         440         403          20          95        1361
         441         217         403         320        1361
         442         403         217         319        1361
         443          20         404          97        1361
         444         404         322         324        1361
         445         404         221          42        1361
         446         221         404         324        1361
         447         405          19         449        1361
         448         326         405         328        1361
         449         224         405         329        1361
         450         405         224         328        1361
         451         227         406         332        1361
         452         406         227         331        1361
         453         234         407         334        1361
         454         407         233         334        1361
         455         233         407         333        1361
         456         242         408         336        1361
         457          25         409         338        1361
         458         409          25         120        1361
         459         245         409         341        1361
         460         409         245         340        1361
         461         116         410         343        1361
         462         343         410         345        1361
         463         248         410         346        1361
         464         410         248         345        1361
         465          25         411         122        1361
         466         411         347         349        1361
         467         411         252         350        1361
         468         252         411         349        1361
         469         444          50         149        1361
         470         258         444         352        1361
         471          30         352         146        1361
         472         412          65         357        1361
         473         412          70         153        1361
         474         412         153          65        1361
         475         267         412         357        1361
         476          70         412         358        1361
         477         412         267         358        1361
         478         353         413         357        1361
         479         265         413         353        1361
         480         160         413         265        1361
         481         413         160         356        1361
         482         413         267         357        1361
         483         267         413         356        1361
         484         158         414         354        1361
         485         354         414         356        1361
         486         414         154         358        1361
         487         267         414         358        1361
         488         414         267         356        1361
         489          41         415         363        1361
         490         364         415         156        1361
         491         415         270         363        1361
         492         270         415         364        1361
         493         416         161         268        1361
         494         161         416         362        1361
         495         416         268         359        1361
         496         416         359         363        1361
         497         270         416         363        1361
         498         416         270         362        1361
         499         417         158         360        1361
         500         417         360         362        1361
         501         417         270         364        1361
         502         270         417         362        1361
         503          77         418         275        1361
         504         418          77         281        1361
         505         418          32         275        1361
         506         419         281         367        1361
         507         280         419         367        1361
         508         419         280         366        1361
         509         420         173         275        1361
         510         282         420         368        1361
         511         173         420         282        1361
         512         420         274         368        1361
         513         421         254         374        1361
         514         421          78         176        1361
         515         289         421         374        1361
         516          78         421         375        1361
         517         421         289         375        1361
         518         370         422         374        1361
         519         287         422         370        1361
         520         181         422         287        1361
         521         422         181         373        1361
         522         422         289         374        1361
         523         289         422         373        1361
         524         180         423         371        1361
         525         371         423         373        1361
         526         423         177         375        1361
         527         177         423         180        1361
         528         289         423         375        1361
         529         423         289         373        1361
         530          73         424         380        1361
         531         424          15         174        1361
         532          15         424          73        1361
         533         424         292         380        1361
         534         292         424         381        1361
         535         425         182         290        1361
         536         182         425         379        1361
         537         425         290         376        1361
         538         425         376         380        1361
         539         292         425         380        1361
         540         425         292         379        1361
         541         426         180         377        1361
         542         426         377         379        1361
         543         369         426         381        1361
         544         426         292         381        1361
         545         292         426         379        1361
         546         427         294         385        1361
         547         294         427         384        1361
         548         428         169         168        1361
         549         297         428         390        1361
         550         428         297         389        1361
         551         151         429         391        1361
         552         391         429         393        1361
         553         300         429         394        1361
         554         429         300         393        1361
         555         430         169         396        1361
         556         430         396         398        1361
         557         430         304         399        1361
         558         304         430         398        1361
         559         206         440         401        1361
         560         431         208         311        1361
         561         431         401         440        1361
         562         431         309         401        1361
         563         406         432         441        1361
         564         331         432         406        1361
         565         229         432         331        1361
         566         234         433         407        1361
         567          24         433         234        1361
         568         434         407         433        1361
         569         434         333         407        1361
         570         477         147         352        1361
         571         477         352         444        1361
         572          66         436         351        1361
         573         436          30         263        1361
         574         437         281         419        1361
         575         283         438         369        1361
         576         419         438         437        1361
         577         438         284         369        1361
         578         366         438         419        1361
         579         284         438         366        1361
         580         285         439          87        1361
         581         199         439         474        1361
         582          87         439         199        1361
         583         440          94         208        1361
         584         440         208         431        1361
         585          50         441         113        1361
         586          23         441          50        1361
         587         433         236         434        1361
         588         444          69         150        1361
         589         443         437         438        1361
         590          76         443         175        1361
         591         443          32         437        1361
         592          32         443          76        1361
         593         283         443         438        1361
         594         175         443         283        1361
         595         113         149          50        1361
         596         149         113          11        1361
         597         175         171          76        1361
         598         171         175          15        1361
         599          85         315          86        1361
         600         315          85         199        1361
         601          37          89           8        1361
         602          93         320         208        1361
         603          96          35           7        1361
         604           4          43         104        1361
         605          43           4         102        1361
         606           3          46         109        1361
         607          46           3         106        1361
         608         346         230         114        1361
         609         230         346         115        1361
         610          36          17          98        1361
         611         341         236         119        1361
         612          18          38          90        1361
         613           5          53         129        1361
         614          53           5         126        1361
         615          27          57         134        1361
         616          57          27         130        1361
         617          28          59         140        1361
         618          59          28         137        1361
         619         145         385         259        1361
         620         385         145          68        1361
         621          65         145         259        1361
         622         145          65         153        1361
         623         148         394          69        1361
         624         261         148          11        1361
         625         155         358         154        1361
         626         358         155          70        1361
         627          30          67         263        1361
         628          67          30         146        1361
         629         417          31         158        1361
         630          29          63         162        1361
         631          63          29         142        1361
         632         399         164          74        1361
         633         164          51          12        1361
         634         390         171         167        1361
         635         171         390          75        1361
         636         178         375         177        1361
         637         375         178          78        1361
         638           6          80         189        1361
         639          34          82         193        1361
         640          82          34         190        1361
         641         199         308          88        1361
         642          10          91         203        1361
         643          91          10         313        1361
         644         310          92         206        1361
         645         311         208          95        1361
         646         100         101         215        1361
         647         101         100         213        1361
         648         323          49         222        1361
         649          49         323         212        1361
         650         108         107         225        1361
         651         107         108         223        1361
         652          13         117         231        1361
         653         117          13         335        1361
         654         334          52         234        1361
         655          52         334         118        1361
         656         124         125         243        1361
         657         125         124         241        1361
         658         128         127         246        1361
         659         127         128         244        1361
         660         131         130         249        1361
         661         130         131         247        1361
         662         348          58         253        1361
         663          58         348         240        1361
         664          16         152         262        1361
         665         152          16         383        1361
         666          67         153         263        1361
         667         159          14         361        1361
         668          14         159         264        1361
         669         166          74         273        1361
         670         367          40         279        1361
         671          40         367         172        1361
         672         437         418         281        1361
         673         418         437          32        1361
         674          87         176         285        1361
         675         378          64         291        1361
         676          64         378         286        1361
         677         183         184         295        1361
         678         184         183         293        1361
         679         187         186         298        1361
         680         186         187         296        1361
         681         191         190         301        1361
         682         190         191         299        1361
         683         397          83         305        1361
         684          83         397         278        1361
         685          99         317         318        1361
         686         123         338         339        1361
         687         420         275         274        1361
         688          76          75         365        1361
         689          75          76         171        1361
         690         372         179          79        1361
         691         312         314         402        1361
         692         315          88         402        1361
         693          88         315         199        1361
         694         319         317         403        1361
         695          95         320         403        1361
         696         320          95         208        1361
         697          42          97         404        1361
         698         449         329         405        1361
         699         116         336         408        1361
         700         340         338         409        1361
         701         120         341         409        1361
         702         341         120         236        1361
         703         350         122         411        1361
         704          41         156         415        1361
         705         156          41           9        1361
         706         364          31         417        1361
         707          31         364         157        1361
         708         174         381         424        1361
         709         381         174         369        1361
         710         151         384         427        1361
         711         384         151         382        1361
         712         389         169         428        1361
         713         169         389         387        1361
         714         168         390         428        1361
         715         390         168          75        1361
         716         150         394         429        1361
         717         394         150          69        1361
         718         399         165         430        1361
         719         165         399          74        1361
         720          66          30         436        1361
         721         157         435         442        1361
         722          69         444         149        1361
         723         147          68         260        1361
         724         158         154         414        1361
         725         154         158          31        1361
         726         277          75         168        1361
         727          75         277         365        1361
         728         333         434         238        1361
         729         324         325         221        1361
         730         325         324         219        1361
         731         462         349         250        1361
         732         398         400         304        1361
         733         400         398         302        1361
         734         308         306         201        1361
         735         311         309         431        1361
         736         309         311         210        1361
         737         445          54         126        1361
         738         446           6          63        1361
         739         142         446          63        1361
         740         273          24         166        1361
         741         447         165         274        1361
         742         192         445         126        1361
         743         337         112         242        1361
         744         257         448         206        1361
         745         449         201         306        1361
         746          90         449         306        1361
         747         335         450         117        1361
         748         151         451         429        1361
         749         451         150         429        1361
         750         448         440         206        1361
         751          94         156           9        1361
         752         447         168         169        1361
         753         343         450         116        1361
         754         453         133         130        1361
         755         133         453         132        1361
         756         462         136         135        1361
         757         136         462         134        1361
         758          60         454         139        1361
         759         454          60         138        1361
         760         454         138         316        1361
         761         454         102         139        1361
         762         455          62         141        1361
         763         455         104         321        1361
         764         104         455         141        1361
         765         178         464          78        1361
         766         456         177         180        1361
         767         177         456         369        1361
         768         457         183          80        1361
         769         458         189         186        1361
         770         189         458         188        1361
         771         190         459         192        1361
         772          17         460         227        1361
         773         472         229         115        1361
         774         461          18         233        1361
         775         453         247         132        1361
         776         247         453         130        1361
         777         134         462         250        1361
         778         463         144         110        1361
         779         144         463         258        1361
         780         463          23         258        1361
         781          23         463         332        1361
         782         463         110         332        1361
         783         464         280         279        1361
         784         464         285          78        1361
         785         457         293         183        1361
         786         458         296         188        1361
         787         296         458         186        1361
         788         465         319         216        1361
         789         319         465         318        1361
         790         466         327          91        1361
         791         460         331         227        1361
         792         333         461         233        1361
         793         450         336         116        1361
         794         336         450         335        1361
         795         450         344         117        1361
         796         344         450         343        1361
         797         467         247         248        1361
         798         247         467         132        1361
         799         467         228         132        1361
         800         228         467         248        1361
         801         468          50         444        1361
         802          50         468          23        1361
         803         142         353         446        1361
         804         353         142         265        1361
         805         455         255         359        1361
         806         255         455         321        1361
         807         455         359          62        1361
         808         464         366         280        1361
         809         366         464         178        1361
         810         469         296         297        1361
         811         296         469         188        1361
         812         469         276         188        1361
         813         276         469         297        1361
         814         470         392         152        1361
         815         322          20         317        1361
         816          20         322         404        1361
         817         242         471         408        1361
         818         471         242         112        1361
         819         471         112         111        1361
         820         472         410         116        1361
         821         473         482         435        1361
         822         427         451         151        1361
         823         475         432         229        1361
         824         476          94         440        1361
         825         475         441         432        1361
         826         441         475         113        1361
         827         113         475         111        1361
         828         150         477         444        1361
         829         477         150         451        1361
         830         477         451         147        1361
         831         156         157         364        1361
         832         157         156         476        1361
         833         157         476         435        1361
         834         478         165          74        1361
         835         165         478         274        1361
         836         456         426         369        1361
         837         426         456         180        1361
         838           6         457          80        1361
         839         457           6         446        1361
         840         457         446         185        1361
         841         279         474         439        1361
         842         464         439         285        1361
         843         439         464         279        1361
         844         465         218         318        1361
         845         478         166         274        1361
         846         166         478          74        1361
         847         479         436         263        1361
         848         436         479         351        1361
         849         468         258          23        1361
         850         258         468         444        1361
         851         472         346         410        1361
         852         346         472         115        1361
         853         350         452         122        1361
         854         480         433          24        1361
         855         433         480         236        1361
         856         466         312         326        1361
         857         470         382         391        1361
         858         496         445         395        1361
         859         273         480          24        1361
         860         459         445         192        1361
         861         445         459         395        1361
         862         481         116         408        1361
         863         481         475         229        1361
         864         471         481         408        1361
         865         475         471         111        1361
         866         475         481         471        1361
         867         261         496         395        1361
         868         473         448         257        1361
         869         448         473         435        1361
         870         202         449          90        1361
         871         449         202         329        1361
         872         476         448         435        1361
         873         448         476         440        1361
         874         482         155         442        1361
         875         479         482         351        1361
         876         155         479         263        1361
         877         155         482         479        1361
         878         435         482         442        1361
         879         476         156          94        1361
         880         483          86         254        1361
         881          86         483         176        1361
         882         490           9         207        1361
         883           9         490          93        1361
         884         484          11         112        1361
         885          11         484         261        1361
         886         485          55         194        1361
         887          55         485         129        1361
         888         486         195         194        1361
         889         195         486         193        1361
         890         485         195         129        1361
         891         195         485         194        1361
         892         487         238         122        1361
         893         238         487         333        1361
         894         488          40         307        1361
         895          40         488         279        1361
         896         210         489         309        1361
         897         489          98         309        1361
         898          98         489          42        1361
         899         490         217         320        1361
         900         217         490         207        1361
         901         491         237         252        1361
         902         237         491         462        1361
         903         470         383         382        1361
         904         383         470         152        1361
         905         392         393         191        1361
         906         393         392         470        1361
         907         393         470         391        1361
         908         492         303         396        1361
         909         303         492         170        1361
         910         492         387         170        1361
         911         387         492         396        1361
         912         347          25         338        1361
         913          25         347         411        1361
         914         144         493          66        1361
         915         493         258         352        1361
         916         258         493         144        1361
         917         483         421         176        1361
         918         421         483         254        1361
         919         494         199         474        1361
         920         199         494         308        1361
         921         406          23         332        1361
         922          23         406         441        1361
         923         120         434         236        1361
         924         434         120         238        1361
         925          93         490         320        1361
         926         385         495         427        1361
         927         493          30          66        1361
         928          30         493         352        1361
         929         491         349         462        1361
         930         349         491         252        1361
         931         494         306         308        1361
         932         306         494         474        1361
         933         430         447         169        1361
         934         447         430         165        1361
         935         484         496         261        1361
         936         487         452         333        1361
         937         452         487         122        1361
         938         299         459         190        1361
         939         459         299         395        1361
         940         481         472         116        1361
         941         472         481         229        1361
         942         400         486         194        1361
         943         486         302         193        1361
         944         302         486         400        1361
         945         473         351         482        1361
         946         351         473         257        1361
         947         495         451         427        1361
         948         451         495         147        1361
         949         488         474         279        1361
         950         474         488         307        1361
         951          12         480         273        1361
         952         480          12         236        1361
         953         454          44         102        1361
         954          44         454         316        1361
         955          97         489         210        1361
         956         489          97          42        1361
         957         198         138         254        1361
         958         138         198         316        1361
         959         179          14         286        1361
         960          14         179         372        1361
         961         457         386         293        1361
         962         386         457         185        1361
         963         326          19         405        1361
         964          19         326         312        1361
         965         460          36         230        1361
         966          36         460          17        1361
         967          38         461         239        1361
         968         461          38          18        1361
         969         277         447         274        1361
         970         447         277         168        1361
         971         495          68         147        1361
         972          68         495         385        1361
         973         466         108         327        1361
         974         108         466         326        1361
         975         460         115         331        1361
         976         115         460         230        1361
         977         452         461         333        1361
         978         461         452         239        1361
         979         337         445         496        1361
         980         445         337          54        1361
         981         465         103         218        1361
         982         103         465         216        1361
         983         121         452         350        1361
         984         452         121         239        1361
         985         466         313         312        1361
         986         313         466          91        1361
         987         484         337         496        1361
         988         337         484         112        1361
